"Geo","tick","run","random_seed"
"Bacteria 430.38460914976895 322.0395299140364 0.5641895835477563",1.0,1,1417126489
"Bacteria 284.22165010124445 225.88530788198113 0.5641895835477563",1.0,1,1417126489
"Bacteria 337.023394764401 126.40723248478025 0.5641895835477563",1.0,1,1417126489
"Bacteria 367.4300955608487 460.0665421457961 0.5641895835477563",1.0,1,1417126489
"Bacteria 468.2373031973839 224.15140992961824 0.5641895835477563",1.0,1,1417126489
"Bacteria 406.0160404769704 439.35104506090283 0.5641895835477563",1.0,1,1417126489
"Bacteria 455.1574445795268 234.65914034750313 0.5641895835477563",1.0,1,1417126489
"Bacteria 228.39080507401377 359.7646144917235 0.5697482358435487",1.0,1,1417126489
"Bacteria 383.9540475746617 361.52111319825053 0.5641895835477563",1.0,1,1417126489
"Bacteria 22.26709737442434 366.50421004742384 0.5697482358435487",1.0,1,1417126489
"Bacteria 328.2730547944084 92.3191859619692 0.5641895835477563",1.0,1,1417126489
"Bacteria 67.9527084575966 2.522610127925873 0.5697482358435487",1.0,1,1417126489
"Bacteria 120.28151913546026 213.6472479905933 0.5697482358435487",1.0,1,1417126489
"Bacteria 111.84691719245166 487.0068783638999 0.5697482358435487",1.0,1,1417126489
"Bacteria 9.228038252331316 403.65827071946114 0.5697482358435487",1.0,1,1417126489
"Bacteria 313.13719728495926 399.66028509661555 0.5641895835477563",1.0,1,1417126489
"Bacteria 488.8407093239948 220.12725297827274 0.5641895835477563",1.0,1,1417126489
"Bacteria 74.96894453652203 475.91082751750946 0.5697482358435487",1.0,1,1417126489
"Bacteria 295.8230074727908 492.27919115219265 0.5641895835477563",1.0,1,1417126489
"Bacteria 296.9372656662017 280.52006231155246 0.5641895835477563",1.0,1,1417126489
"Bacteria 431.76956207025796 287.3094816459343 0.5641895835477563",1.0,1,1417126489
"Bacteria 19.562912988476455 253.20521066896617 0.5697482358435487",1.0,1,1417126489
"Bacteria 188.03569115698338 413.19355787709355 0.5697482358435487",1.0,1,1417126489
"Bacteria 218.4614249272272 133.17695900332183 0.5697482358435487",1.0,1,1417126489
"Bacteria 146.81423164438456 455.49328811466694 0.5697482358435487",1.0,1,1417126489
"Bacteria 181.4187903655693 473.94499310757965 0.5697482358435487",1.0,1,1417126489
"Bacteria 475.9917556075379 157.73451630957425 0.5641895835477563",1.0,1,1417126489
"Bacteria 490.9972830209881 230.91999418102205 0.5641895835477563",1.0,1,1417126489
"Bacteria 184.20204846188426 397.5412021391094 0.5697482358435487",1.0,1,1417126489
"Bacteria 20.432244753465056 18.831251305527985 0.5697482358435487",1.0,1,1417126489
"Bacteria 158.66289695259184 473.82543713320047 0.5697482358435487",1.0,1,1417126489
"Bacteria 208.83089397102594 6.493744207546115 0.5697482358435487",1.0,1,1417126489
"Bacteria 465.5527009163052 268.26078235171735 0.5641895835477563",1.0,1,1417126489
"Bacteria 21.409058710560203 86.0271267592907 0.5697482358435487",1.0,1,1417126489
"Bacteria 339.8998894263059 395.04656672943383 0.5641895835477563",1.0,1,1417126489
"Bacteria 433.5677461931482 70.82125637680292 0.5641895835477563",1.0,1,1417126489
"Bacteria 101.78542078938335 220.4973134212196 0.5697482358435487",1.0,1,1417126489
"Bacteria 463.39541068300605 411.7118421709165 0.5641895835477563",1.0,1,1417126489
"Bacteria 214.76135938428342 176.2835142435506 0.5697482358435487",1.0,1,1417126489
"Bacteria 9.352031513117254 271.40302723273635 0.5697482358435487",1.0,1,1417126489
"Bacteria 8.516950299963355 384.2872685054317 0.5697482358435487",1.0,1,1417126489
"Bacteria 238.7617260683328 379.4113006442785 0.5697482358435487",1.0,1,1417126489
"Bacteria 102.48155309818685 178.06186410598457 0.5697482358435487",1.0,1,1417126489
"Bacteria 212.98275992739946 58.30265418626368 0.5697482358435487",1.0,1,1417126489
"Bacteria 130.97008899785578 398.44541251659393 0.5697482358435487",1.0,1,1417126489
"Bacteria 277.1168724866584 335.0513456389308 0.5641895835477563",1.0,1,1417126489
"Bacteria 102.12745051831007 48.67687204387039 0.5697482358435487",1.0,1,1417126489
"Bacteria 481.6968236118555 41.58303583972156 0.5641895835477563",1.0,1,1417126489
"Bacteria 425.87711208034307 242.03801585827023 0.5641895835477563",1.0,1,1417126489
"Bacteria 64.88941167481244 236.23659927397966 0.5697482358435487",1.0,1,1417126489
"Bacteria 131.3511892019722 397.52398831217727 0.7413854894302294",101.0,1,1417126489
"Bacteria 19.532028099331445 19.97187244424773 0.6430704616462191",101.0,1,1417126489
"Bacteria 337.023394764401 126.40723248478025 0.5641895835477563",101.0,1,1417126489
"Bacteria 146.04215707039322 456.4603544881365 0.7452217471503627",101.0,1,1417126489
"Bacteria 103.03022104852853 49.4892601800609 0.6743262798630147",101.0,1,1417126489
"Bacteria 146.53365131285852 454.66307770155294 0.7441340686480438",101.0,1,1417126489
"Bacteria 208.56996405315368 7.176177584250727 0.5960786654980631",101.0,1,1417126489
"Bacteria 180.9973435149364 474.6776139117317 0.7434423836411469",101.0,1,1417126489
"Bacteria 74.73396206030598 474.79480709854005 0.7455576734927256",101.0,1,1417126489
"Bacteria 101.69023818787561 49.296427875227224 0.6793626153098019",101.0,1,1417126489
"Bacteria 468.2373031973839 224.15140992961824 0.564189583572716",101.0,1,1417126489
"Bacteria 406.0160404769704 439.35104506090283 0.5641895835477563",101.0,1,1417126489
"Bacteria 21.01240999867301 252.89399749724646 0.7312571508523406",101.0,1,1417126489
"Bacteria 455.1574445795268 234.65914034750313 0.5641895835477563",101.0,1,1417126489
"Bacteria 229.6308065769384 359.9108935350607 0.7397723121265758",101.0,1,1417126489
"Bacteria 20.829385043152232 365.8407234510746 0.7408823782490056",101.0,1,1417126489
"Bacteria 218.7297060178697 131.9331261893461 0.7129637051596684",101.0,1,1417126489
"Bacteria 22.13484867750615 86.96692508510795 0.6942263460671528",101.0,1,1417126489
"Bacteria 66.9427388579492 3.1314040521860576 0.60829843535293",101.0,1,1417126489
"Bacteria 20.421107069267585 19.06707781531979 0.6260792989780274",101.0,1,1417126489
"Bacteria 120.93041889271527 214.70480495102197 0.7280743175464433",101.0,1,1417126489
"Bacteria 8.485325183747145 384.30720780818257 0.7106356668170976",101.0,1,1417126489
"Bacteria 158.46289107332888 472.55412184729886 0.7449886132868557",101.0,1,1417126489
"Bacteria 313.13719728495926 399.66028509661555 0.5641895835477563",101.0,1,1417126489
"Bacteria 8.497066532620195 270.53922340866046 0.7190419068446441",101.0,1,1417126489
"Bacteria 76.72677646686292 476.8089915497357 0.7453823740916226",101.0,1,1417126489
"Bacteria 295.8230074727908 492.27919115219265 0.5641895835890652",101.0,1,1417126489
"Bacteria 296.9372656662017 280.52006231155246 0.5641895835477563",101.0,1,1417126489
"Bacteria 23.872790712416915 365.8861303552 0.7401987185125094",101.0,1,1417126489
"Bacteria 188.8494499594055 414.17605621319933 0.7427749189857158",101.0,1,1417126489
"Bacteria 10.486891804204307 404.7576236351338 0.7236489689659605",101.0,1,1417126489
"Bacteria 20.118286653209882 254.0506441706455 0.7310157272087513",101.0,1,1417126489
"Bacteria 227.88556137378208 359.9930472981435 0.7386860805619858",101.0,1,1417126489
"Bacteria 227.85541168193538 358.51601195687726 0.7397125480905644",101.0,1,1417126489
"Bacteria 68.03142395067856 3.6678611874224365 0.6056815562753368",101.0,1,1417126489
"Bacteria 187.43624042707046 414.6430235042556 0.7422255010357032",101.0,1,1417126489
"Bacteria 103.32975265712008 176.539496741385 0.7240884137068725",101.0,1,1417126489
"Bacteria 184.3375404263413 397.3980293855143 0.7399494381463193",101.0,1,1417126489
"Bacteria 121.47327664052771 213.35392402586365 0.7282139597574843",101.0,1,1417126489
"Bacteria 9.458269873831687 383.26579425600903 0.7156486251615704",101.0,1,1417126489
"Bacteria 238.02655743762506 379.20326988832363 0.7344771480120991",101.0,1,1417126489
"Bacteria 213.79139641983758 176.69594980857465 0.7231602231978453",101.0,1,1417126489
"Bacteria 181.84725167120627 473.4452096694137 0.7432783112409266",101.0,1,1417126489
"Bacteria 187.73904164566247 413.1914886697158 0.7419394206887904",101.0,1,1417126489
"Bacteria 475.9917556075379 157.73451630957425 0.5641895841506527",101.0,1,1417126489
"Bacteria 490.9972830209881 230.91999418102205 0.5698120126851363",101.0,1,1417126489
"Bacteria 22.647135653212715 366.7109511667348 0.738540764693271",101.0,1,1417126489
"Bacteria 73.92048869522783 476.0486868775895 0.7447501301565719",101.0,1,1417126489
"Bacteria 100.56118016825246 222.1378840139947 0.7306064424176862",101.0,1,1417126489
"Bacteria 110.77143617899897 486.0531331523562 0.7459395892920693",101.0,1,1417126489
"Bacteria 75.40638718747903 476.12297962629117 0.7442634426221005",101.0,1,1417126489
"Bacteria 101.49944962276199 179.52811338418292 0.7232921432571353",101.0,1,1417126489
"Bacteria 207.3616049593678 7.149470837388664 0.6132774631791892",101.0,1,1417126489
"Bacteria 465.5527009163052 268.26078235171735 0.5641895835650801",101.0,1,1417126489
"Bacteria 20.74791941095969 87.03584355484544 0.6947572815344145",101.0,1,1417126489
"Bacteria 339.8998894263059 395.04656672943383 0.5641895835477563",101.0,1,1417126489
"Bacteria 102.78005404054666 220.2788396394735 0.7287707838169842",101.0,1,1417126489
"Bacteria 187.97776673133424 411.7260708635743 0.7442894782176489",101.0,1,1417126489
"Bacteria 101.5683156606683 221.08482476270657 0.72785762188474",101.0,1,1417126489
"Bacteria 463.39541068300605 411.7118421709165 0.5641895862353418",101.0,1,1417126489
"Bacteria 21.65683153791563 17.77119038735984 0.6172436016465074",101.0,1,1417126489
"Bacteria 64.54679936856357 235.24903498610223 0.7296096230933011",101.0,1,1417126489
"Bacteria 130.79396405567633 399.1366346514872 0.7411533162557499",101.0,1,1417126489
"Bacteria 481.6968236118555 41.58303583972156 0.5641895835477896",101.0,1,1417126489
"Bacteria 228.81258386016682 361.14341833522167 0.7397624940637001",101.0,1,1417126489
"Bacteria 64.89637543219689 238.06157215525036 0.7312993058508399",101.0,1,1417126489
"Bacteria 119.44804707932771 212.59836401053806 0.7283959288848297",101.0,1,1417126489
"Bacteria 8.080320779706353 385.66926488865965 0.7117979269581048",101.0,1,1417126489
"Bacteria 430.38460914976895 322.0395299140364 0.5641895835477563",101.0,1,1417126489
"Bacteria 101.92997389309906 219.0941678369093 0.7297768399711589",101.0,1,1417126489
"Bacteria 129.32532320887012 398.94142838826775 0.7416423671675798",101.0,1,1417126489
"Bacteria 284.22165010124445 225.88530788198113 0.5641895835499998",101.0,1,1417126489
"Bacteria 214.7707164615223 175.25769041560505 0.7224609689736226",101.0,1,1417126489
"Bacteria 367.4300955608487 460.0665421457961 0.5641895835477563",101.0,1,1417126489
"Bacteria 209.16069576801138 5.585823123175047 0.6196688517490474",101.0,1,1417126489
"Bacteria 215.65320145052235 176.40074677949147 0.7222376658111198",101.0,1,1417126489
"Bacteria 217.70885544416828 134.58125788358447 0.7139662206435495",101.0,1,1417126489
"Bacteria 182.48124809850407 474.78937005283956 0.7441362293643922",101.0,1,1417126489
"Bacteria 383.9540475746617 361.52111319825053 0.5641895835477563",101.0,1,1417126489
"Bacteria 180.71593838235466 472.4797124501466 0.7452606452067982",101.0,1,1417126489
"Bacteria 328.2730547944084 92.3191859619692 0.5641895835477563",101.0,1,1417126489
"Bacteria 112.25723151139033 486.1707596855942 0.7449104384226789",101.0,1,1417126489
"Bacteria 9.195320266069153 404.11673985022543 0.719378691121464",101.0,1,1417126489
"Bacteria 64.38135147066987 236.69672094230862 0.7286460599431392",101.0,1,1417126489
"Bacteria 20.832486633001743 85.64846783378232 0.6959357901265433",101.0,1,1417126489
"Bacteria 488.8407093239948 220.12725297827274 0.5657727921898021",101.0,1,1417126489
"Bacteria 212.82466091172645 59.75751138707476 0.6874483562518446",101.0,1,1417126489
"Bacteria 209.662481597138 6.695299590415324 0.5982824280126686",101.0,1,1417126489
"Bacteria 431.76956207025796 287.3094816459343 0.5641895835477563",101.0,1,1417126489
"Bacteria 238.8643368073848 377.9961550800256 0.7352694526972324",101.0,1,1417126489
"Bacteria 111.58641418589805 487.5002111204689 0.7445092116508238",101.0,1,1417126489
"Bacteria 101.56361297078935 47.36021761229453 0.6796081784700012",101.0,1,1417126489
"Bacteria 239.37920768590618 379.7681960408797 0.7319065715249711",101.0,1,1417126489
"Bacteria 219.74871221381952 132.92961795411807 0.7120740520704328",101.0,1,1417126489
"Bacteria 183.0974839052751 398.20608708569057 0.7412176861136719",101.0,1,1417126489
"Bacteria 147.94284335100804 454.1866292452633 0.7438556234496233",101.0,1,1417126489
"Bacteria 218.15921572576815 133.23350016599773 0.7082873297597855",101.0,1,1417126489
"Bacteria 158.9444117152497 475.22283576276254 0.7447736286809081",101.0,1,1417126489
"Bacteria 182.53298171180157 396.83439980106533 0.7423843708630452",101.0,1,1417126489
"Bacteria 17.89339630285493 253.2559500797542 0.7332084588140065",101.0,1,1417126489
"Bacteria 20.42289289328206 17.823512646055065 0.6181350523520032",101.0,1,1417126489
"Bacteria 157.69482777210504 474.41276724960954 0.7446069687376539",101.0,1,1417126489
"Bacteria 147.4073134995015 455.8670704380513 0.7437360500793352",101.0,1,1417126489
"Bacteria 21.964171254263643 84.83555374574868 0.6982111421953697",101.0,1,1417126489
"Bacteria 132.21757802039266 398.72730388081004 0.7413731865308992",101.0,1,1417126489
"Bacteria 112.98632058606894 488.00696394764554 0.7447758661756989",101.0,1,1417126489
"Bacteria 21.273195672515037 367.2528531662165 0.7397532721705902",101.0,1,1417126489
"Bacteria 19.296906314810837 252.8423417070369 0.7305911433536816",101.0,1,1417126489
"Bacteria 119.63608536925695 214.04106590307845 0.7273094925613316",101.0,1,1417126489
"Bacteria 159.30808032514102 473.77952932488165 0.7445469064439715",101.0,1,1417126489
"Bacteria 9.656674396193855 271.3914971430943 0.7206724538242798",101.0,1,1417126489
"Bacteria 213.4185916117275 58.5292428427144 0.6778802704808444",101.0,1,1417126489
"Bacteria 433.5677461931482 70.82125637680292 0.5641895835477563",101.0,1,1417126489
"Bacteria 65.91829660268625 235.7483571225221 0.7301264886625558",101.0,1,1417126489
"Bacteria 67.47102367634396 2.0289849521111547 0.6146848013867959",101.0,1,1417126489
"Bacteria 185.81381614015623 397.5049104086599 0.741270149902554",101.0,1,1417126489
"Bacteria 9.542415879545691 272.8288308167926 0.7225534291485576",101.0,1,1417126489
"Bacteria 214.89456697439897 177.6292386596493 0.7222226758848499",101.0,1,1417126489
"Bacteria 9.460965079609307 402.7060842574766 0.7162576081704485",101.0,1,1417126489
"Bacteria 9.819288975415457 269.9596417579003 0.7216513376594718",101.0,1,1417126489
"Bacteria 68.68420784846495 1.7714141602121563 0.6260572820673099",101.0,1,1417126489
"Bacteria 8.061997364451104 382.9500838767896 0.7119964675813705",101.0,1,1417126489
"Bacteria 212.17585808893733 57.435672117085296 0.6771633147449212",101.0,1,1417126489
"Bacteria 239.05266341261455 381.19672794142747 0.7340256810261515",101.0,1,1417126489
"Bacteria 101.77279581650531 178.11018961497322 0.7213553510997154",101.0,1,1417126489
"Bacteria 213.5082411357002 57.17467844617129 0.6806371688016388",101.0,1,1417126489
"Bacteria 277.1168724866584 335.0513456389308 0.5641902957374971",101.0,1,1417126489
"Bacteria 103.21048524606951 177.9808962459798 0.7228036536732692",101.0,1,1417126489
"Bacteria 102.61954332417692 48.20584060785213 0.6740433609770298",101.0,1,1417126489
"Bacteria 8.113396346147464 403.1822130414773 0.7114291137426849",101.0,1,1417126489
"Bacteria 425.87711208034307 242.03801585827023 0.5641895835477563",101.0,1,1417126489
"Bacteria 132.1384052800884 395.9962112261854 0.6380798296412825",201.0,1,1417126489
"Bacteria 181.14932990167736 475.1307168090581 0.6448606624053621",201.0,1,1417126489
"Bacteria 102.53734925427416 48.26656555564864 0.6834082507027692",201.0,1,1417126489
"Bacteria 10.275901401024921 383.41014244250573 0.803719042508784",201.0,1,1417126489
"Bacteria 186.69683805128216 417.75223059873946 0.6521852027103843",201.0,1,1417126489
"Bacteria 9.11057822980491 384.450624618394 0.7631789580958646",201.0,1,1417126489
"Bacteria 180.21456961114967 395.876526356063 0.6465051377166097",201.0,1,1417126489
"Bacteria 337.023394764401 126.40723248478025 0.5641895835477563",201.0,1,1417126489
"Bacteria 143.36403185283947 454.69007962812464 0.650598498655653",201.0,1,1417126489
"Bacteria 112.34070901069812 484.9810573366327 0.6467124221163904",201.0,1,1417126489
"Bacteria 24.344365064422632 368.32341392367647 0.6394544097241852",201.0,1,1417126489
"Bacteria 102.61128108948166 176.29264538703742 0.5935005141343956",201.0,1,1417126489
"Bacteria 209.48480623520354 4.988357674617225 0.613747112263363",201.0,1,1417126489
"Bacteria 181.6817360356516 394.6259376099592 0.6458755255822226",201.0,1,1417126489
"Bacteria 16.7771219839284 251.14357966412754 0.627488779586798",201.0,1,1417126489
"Bacteria 19.080902487423607 364.07675137762675 0.6365937043107738",201.0,1,1417126489
"Bacteria 72.6033891334172 478.54068536999586 0.6532617453447177",201.0,1,1417126489
"Bacteria 131.31499851850418 401.6787905931818 0.641274223592152",201.0,1,1417126489
"Bacteria 238.1180540325825 382.7611037980887 0.6050655099207246",201.0,1,1417126489
"Bacteria 8.390770794162329 401.5517603316855 0.7756170762556982",201.0,1,1417126489
"Bacteria 11.710578949454046 273.4785588570445 0.5834249607503914",201.0,1,1417126489
"Bacteria 215.04942649305607 173.36055775006636 0.6073876204710953",201.0,1,1417126489
"Bacteria 183.91865001019892 397.82325403365536 0.6291849777666171",201.0,1,1417126489
"Bacteria 12.360738101698098 270.31413941807017 0.5970155050583099",201.0,1,1417126489
"Bacteria 21.000285951962873 253.47132646674658 0.6075237281828236",201.0,1,1417126489
"Bacteria 22.963403894716087 251.99247720311135 0.6301740663899799",201.0,1,1417126489
"Bacteria 219.13803098292667 128.90706536292316 0.6023317909303251",201.0,1,1417126489
"Bacteria 9.792183069218932 405.03220738664055 0.7999605072289708",201.0,1,1417126489
"Bacteria 182.89453994457094 395.05404371457246 0.6426765942316148",201.0,1,1417126489
"Bacteria 66.67232544886309 2.2132389757577533 0.5886828163833235",201.0,1,1417126489
"Bacteria 19.67384749537307 18.57640782422968 0.5801398633574515",201.0,1,1417126489
"Bacteria 75.12446431415238 474.5103851532111 0.6412065237148263",201.0,1,1417126489
"Bacteria 99.62404383640687 47.58866405498637 0.7503237737717872",201.0,1,1417126489
"Bacteria 103.44285932844093 47.22169276556236 0.7003547102889254",201.0,1,1417126489
"Bacteria 156.51659197021425 470.08432292561855 0.6578961583493156",201.0,1,1417126489
"Bacteria 149.74098799660018 451.9915909063188 0.6519485528701247",201.0,1,1417126489
"Bacteria 15.603634441737428 254.07829842611147 0.6260842359299136",201.0,1,1417126489
"Bacteria 112.18467640029368 486.2533326249001 0.6407020940804962",201.0,1,1417126489
"Bacteria 113.94006264490999 489.28743281031865 0.654386425717283",201.0,1,1417126489
"Bacteria 63.732704210832935 238.26652891388562 0.6119809717420533",201.0,1,1417126489
"Bacteria 146.05305880276342 451.9421718479691 0.6468475018307719",201.0,1,1417126489
"Bacteria 236.0317914640213 381.6608050312196 0.6123144188503917",201.0,1,1417126489
"Bacteria 216.79046901417198 178.7005749763173 0.6017516768699077",201.0,1,1417126489
"Bacteria 26.83156388868041 365.9282791282092 0.6513698689814705",201.0,1,1417126489
"Bacteria 179.92969644589004 475.5357836863529 0.6458529292683924",201.0,1,1417126489
"Bacteria 8.566920212712223 387.4024159068724 0.7684439370001721",201.0,1,1417126489
"Bacteria 11.131710823330055 404.67024027201427 0.584768281303698",201.0,1,1417126489
"Bacteria 145.31654187536844 457.86221971652213 0.6507857392563542",201.0,1,1417126489
"Bacteria 147.1657283754647 456.45140946644995 0.6377146433445552",201.0,1,1417126489
"Bacteria 108.43377308442017 484.3951162955112 0.6583371110941008",201.0,1,1417126489
"Bacteria 129.4280070564024 397.77143473763346 0.6321136231239901",201.0,1,1417126489
"Bacteria 239.86144715375227 375.87305534658356 0.5990190401309964",201.0,1,1417126489
"Bacteria 18.998770375124685 253.70384256997804 0.6037614201259914",201.0,1,1417126489
"Bacteria 72.20691212636568 477.2646565955528 0.6532576740371315",201.0,1,1417126489
"Bacteria 225.33739930450582 358.1256945501219 0.6415375888493994",201.0,1,1417126489
"Bacteria 100.85874952694584 50.775632443746275 0.7466805443515897",201.0,1,1417126489
"Bacteria 188.7163124509623 413.45072604649124 0.6305144419077086",201.0,1,1417126489
"Bacteria 214.99519028403054 56.09357776304939 0.7421151322941668",201.0,1,1417126489
"Bacteria 187.0545187764174 413.07599502124174 0.6308614201171",201.0,1,1417126489
"Bacteria 62.73264018831257 234.28237764727635 0.6204559853859212",201.0,1,1417126489
"Bacteria 18.858899595902493 252.34128560482787 0.6048819801643219",201.0,1,1417126489
"Bacteria 183.8884428554415 394.2471498627139 0.6412092834507225",201.0,1,1417126489
"Bacteria 219.8417636091972 131.10299388315616 0.5922644034861952",201.0,1,1417126489
"Bacteria 238.4327833398617 381.5993432562131 0.6016508319286046",201.0,1,1417126489
"Bacteria 212.13099309095247 174.77811388883896 0.6087672203876707",201.0,1,1417126489
"Bacteria 23.636658671508503 86.26239917795739 0.7915762547109408",201.0,1,1417126489
"Bacteria 184.93707463446688 398.81997075539266 0.6380175383098615",201.0,1,1417126489
"Bacteria 20.65265734950108 19.19069100776312 0.5789258087995608",201.0,1,1417126489
"Bacteria 184.81445131737266 414.30058326816703 0.6436500227840759",201.0,1,1417126489
"Bacteria 121.80450908781575 217.69827189813577 0.6248955790247162",201.0,1,1417126489
"Bacteria 182.03931235452504 473.0825027008983 0.6404494970615099",201.0,1,1417126489
"Bacteria 11.715838153625862 269.33299420105317 0.5800143118630806",201.0,1,1417126489
"Bacteria 236.51985974748365 380.5292394108714 0.6115148768401082",201.0,1,1417126489
"Bacteria 75.16571157305567 479.31668314348457 0.6515185958919596",201.0,1,1417126489
"Bacteria 225.74740150572282 356.81304468938123 0.6482466333680461",201.0,1,1417126489
"Bacteria 146.8151725324851 457.67882577291033 0.6443138725844854",201.0,1,1417126489
"Bacteria 101.51599000747993 221.57556584180657 0.6109474906809454",201.0,1,1417126489
"Bacteria 66.37517224603134 499.81131350940115 0.6592717994597436",201.0,1,1417126489
"Bacteria 65.90428026352419 239.04195793455835 0.6220816345566553",201.0,1,1417126489
"Bacteria 465.5527009163052 268.26078235171735 0.5641904309114527",201.0,1,1417126489
"Bacteria 108.52070583666162 487.2060918921052 0.6564839898816313",201.0,1,1417126489
"Bacteria 25.57244800781459 363.4131320029869 0.6532565013982342",201.0,1,1417126489
"Bacteria 12.297953965638479 402.195794398595 0.5767114851529683",201.0,1,1417126489
"Bacteria 180.55859758248306 470.56445327120485 0.6580451485151795",201.0,1,1417126489
"Bacteria 120.12519194583881 211.3605351638325 0.6164501345133822",201.0,1,1417126489
"Bacteria 18.8416167667553 250.11050631682156 0.6186552437297881",201.0,1,1417126489
"Bacteria 212.68104471182446 176.9888676747351 0.5927322865219948",201.0,1,1417126489
"Bacteria 104.92301735803353 179.73500138469402 0.60394391459616",201.0,1,1417126489
"Bacteria 103.65834272316319 176.8363952425054 0.5894340052302323",201.0,1,1417126489
"Bacteria 185.15176495716977 397.57420223726183 0.6305825466293837",201.0,1,1417126489
"Bacteria 22.752963925306734 18.72347258059705 0.6609856028795342",201.0,1,1417126489
"Bacteria 216.90814169193246 134.0524788930921 0.5849287815837457",201.0,1,1417126489
"Bacteria 132.50507910287246 399.52235473557664 0.6383337520061829",201.0,1,1417126489
"Bacteria 127.18511122448452 396.0880189300102 0.6488799784674479",201.0,1,1417126489
"Bacteria 133.7760538950885 399.6837524119276 0.6445574587019222",201.0,1,1417126489
"Bacteria 22.79285290975159 367.16269973235126 0.6284695629713212",201.0,1,1417126489
"Bacteria 186.9221469940393 411.70624767500624 0.6327474779980025",201.0,1,1417126489
"Bacteria 20.92885295218807 252.2520944165146 0.6129877236276722",201.0,1,1417126489
"Bacteria 143.33646880297786 453.33038682166614 0.6546624448393101",201.0,1,1417126489
"Bacteria 130.67728963219164 397.94767812134916 0.6311444721286522",201.0,1,1417126489
"Bacteria 148.79245503898795 458.3812650560762 0.6512762751114746",201.0,1,1417126489
"Bacteria 481.6968236118555 41.58303583972156 0.5641895853453349",201.0,1,1417126489
"Bacteria 127.75846525427204 400.9698277317471 0.6474644449212503",201.0,1,1417126489
"Bacteria 226.86908661778313 360.0895678273786 0.6276676679926991",201.0,1,1417126489
"Bacteria 161.577816924644 471.4918752403451 0.6574680709845518",201.0,1,1417126489
"Bacteria 24.309369821415526 253.83972264835316 0.6393524931278394",201.0,1,1417126489
"Bacteria 230.4616227644324 362.4574938876078 0.6380678850581003",201.0,1,1417126489
"Bacteria 20.457272095157514 365.97367933413483 0.6306980169276668",201.0,1,1417126489
"Bacteria 67.89797777358577 236.1858591422746 0.6107686517352757",201.0,1,1417126489
"Bacteria 117.00883680193049 213.5338056644843 0.6170961359919707",201.0,1,1417126489
"Bacteria 105.7016655900431 218.80602240603804 0.6250238633324036",201.0,1,1417126489
"Bacteria 211.13277251449483 57.092434712922945 0.7382309524257331",201.0,1,1417126489
"Bacteria 179.83583817130332 473.31697694052355 0.6410621284669212",201.0,1,1417126489
"Bacteria 226.5755572644938 357.7937446034785 0.6400561271087656",201.0,1,1417126489
"Bacteria 367.4300955608487 460.0665421457961 0.5641895835477563",201.0,1,1417126489
"Bacteria 112.5904866740515 483.7124374069933 0.6502468830772191",201.0,1,1417126489
"Bacteria 21.005003386721103 255.44095736378404 0.6197823940716589",201.0,1,1417126489
"Bacteria 7.413572445017802 402.71129551392477 0.7432850694149272",201.0,1,1417126489
"Bacteria 101.48088618795725 175.9308334508626 0.5956908279082052",201.0,1,1417126489
"Bacteria 226.7299632481617 361.3429975417828 0.6384129247801499",201.0,1,1417126489
"Bacteria 64.60099285035285 234.46499686781203 0.6031061922025625",201.0,1,1417126489
"Bacteria 217.73420265993403 175.33419314561428 0.5936992053779796",201.0,1,1417126489
"Bacteria 120.78862762842714 216.97686683135666 0.6222353061800522",201.0,1,1417126489
"Bacteria 145.91759236759543 456.7191459463484 0.6444639998799996",201.0,1,1417126489
"Bacteria 99.80726985013241 179.41020424380088 0.598951186718749",201.0,1,1417126489
"Bacteria 20.15965924975248 20.453508259909846 0.6726304285439237",201.0,1,1417126489
"Bacteria 119.91913907739433 212.55271865199077 0.5972930191587107",201.0,1,1417126489
"Bacteria 158.27506585290865 473.5305179072737 0.6418885106129972",201.0,1,1417126489
"Bacteria 328.2730547944084 92.3191859619692 0.5641895835477563",201.0,1,1417126489
"Bacteria 110.13213676563278 489.23884843676626 0.6517368346108223",201.0,1,1417126489
"Bacteria 230.12166518944537 357.74860517860435 0.6320201537670243",201.0,1,1417126489
"Bacteria 61.66205298322238 233.63352277130886 0.6330815637262535",201.0,1,1417126489
"Bacteria 211.01723895341732 58.87495675935665 0.7408212568892905",201.0,1,1417126489
"Bacteria 157.43038963623783 474.6332634164834 0.6399699336412208",201.0,1,1417126489
"Bacteria 211.87339672517803 60.089155528990624 0.7459989060953325",201.0,1,1417126489
"Bacteria 122.65945387333704 214.6143050291899 0.6049556070376317",201.0,1,1417126489
"Bacteria 180.28069116248884 398.18562680689814 0.641838277932155",201.0,1,1417126489
"Bacteria 120.25267364095153 214.84633001300224 0.5952723447496626",201.0,1,1417126489
"Bacteria 112.74429579755477 488.3800533711252 0.6405929975492528",201.0,1,1417126489
"Bacteria 20.151023593000065 364.7520774910165 0.6326196512315908",201.0,1,1417126489
"Bacteria 99.89842232711503 49.65047708283155 0.7335332036655977",201.0,1,1417126489
"Bacteria 238.56526678305357 376.56296060299627 0.6014965094210625",201.0,1,1417126489
"Bacteria 66.9765776151625 236.97851240400783 0.6091430227541785",201.0,1,1417126489
"Bacteria 128.81909400243575 400.2292511233249 0.6400678607970012",201.0,1,1417126489
"Bacteria 111.2619784171991 488.6173348039259 0.6405644237489446",201.0,1,1417126489
"Bacteria 148.26703887291143 451.9456985724035 0.6479434789857189",201.0,1,1417126489
"Bacteria 132.95515870073615 397.1307276042249 0.6391264399653285",201.0,1,1417126489
"Bacteria 104.39537278880483 223.13384160484242 0.6195459189432766",201.0,1,1417126489
"Bacteria 63.194300133488554 235.4278058820202 0.6174481243699188",201.0,1,1417126489
"Bacteria 23.36257421187461 363.99587073701656 0.6317605362434131",201.0,1,1417126489
"Bacteria 211.6457491366023 177.57670046888134 0.5988815803360444",201.0,1,1417126489
"Bacteria 99.61811302283256 181.7032870088442 0.6191276902520172",201.0,1,1417126489
"Bacteria 238.76500389426334 375.37823507590184 0.6024988602334573",201.0,1,1417126489
"Bacteria 102.08470151618442 177.52716259892026 0.5819074869683505",201.0,1,1417126489
"Bacteria 10.121062470692053 385.71176226019986 0.7725783342378548",201.0,1,1417126489
"Bacteria 118.4182973977423 210.15404943031882 0.6286053596596678",201.0,1,1417126489
"Bacteria 184.71267889511574 412.10144293541435 0.6422818695197678",201.0,1,1417126489
"Bacteria 218.13314869571863 133.44668849858147 0.783058393118431",201.0,1,1417126489
"Bacteria 112.69381529354877 489.66426012715067 0.6493223116296671",201.0,1,1417126489
"Bacteria 209.52264882664753 3.7326574480847055 0.6440937396595233",201.0,1,1417126489
"Bacteria 62.741311163805186 238.9945356530142 0.6151575170566247",201.0,1,1417126489
"Bacteria 15.606875153587213 251.59929769927726 0.6289839843052262",201.0,1,1417126489
"Bacteria 103.17734141702962 218.44177705557172 0.6031563384423485",201.0,1,1417126489
"Bacteria 156.54284371370508 472.22780322898103 0.6490985484767593",201.0,1,1417126489
"Bacteria 185.98351747228946 413.7715023810698 0.641062525278756",201.0,1,1417126489
"Bacteria 220.5719582341569 132.00680499633074 0.5732679670437139",201.0,1,1417126489
"Bacteria 182.55195285316273 397.56687015959557 0.6349406420415266",201.0,1,1417126489
"Bacteria 8.600793371170122 385.8789494555994 0.7591454248714575",201.0,1,1417126489
"Bacteria 157.75411725957088 475.8757720080047 0.6459255324542809",201.0,1,1417126489
"Bacteria 13.225759410886353 405.41674317100467 0.5948631402622001",201.0,1,1417126489
"Bacteria 149.51910802880727 455.44580151625564 0.6442496315989144",201.0,1,1417126489
"Bacteria 228.052612298383 360.4859399222392 0.6264274972054074",201.0,1,1417126489
"Bacteria 17.839112112607634 253.3808616524484 0.6044539044750067",201.0,1,1417126489
"Bacteria 240.46298844773585 381.1206008565438 0.5864412317602921",201.0,1,1417126489
"Bacteria 113.53652807015611 487.37872933584464 0.6407350635381773",201.0,1,1417126489
"Bacteria 104.08711292865543 174.6448151097814 0.6149846151033015",201.0,1,1417126489
"Bacteria 218.06985795223954 130.52429501323192 0.5799246885588519",201.0,1,1417126489
"Bacteria 144.44940921059774 453.99078588179094 0.6446687648727364",201.0,1,1417126489
"Bacteria 186.34242217949046 397.12812553436623 0.6450109944300948",201.0,1,1417126489
"Bacteria 159.74178880290782 474.00001003821717 0.6402179757035595",201.0,1,1417126489
"Bacteria 219.58227990073578 134.6041931706192 0.7906421449797448",201.0,1,1417126489
"Bacteria 12.0308882227277 384.35685914447305 0.5747662952229373",201.0,1,1417126489
"Bacteria 9.466629193385003 270.10577926005095 0.787278265569106",201.0,1,1417126489
"Bacteria 130.26050775841068 393.78254001302713 0.6545735497214035",201.0,1,1417126489
"Bacteria 433.5677461931482 70.82125637680292 0.5641895835477563",201.0,1,1417126489
"Bacteria 214.74782967107782 133.92826415030504 0.5795573866113376",201.0,1,1417126489
"Bacteria 130.40650848238352 396.54916101077555 0.6412358878951431",201.0,1,1417126489
"Bacteria 67.9215748377374 1.7175653842621201 0.7563110501335217",201.0,1,1417126489
"Bacteria 213.3173664482195 59.94052111671226 0.7073359131019792",201.0,1,1417126489
"Bacteria 12.774892756625082 403.2444859178915 0.5766261241143459",201.0,1,1417126489
"Bacteria 75.2590430517119 475.7827254083072 0.6405469419156188",201.0,1,1417126489
"Bacteria 6.446444067481154 380.5284779803593 0.7471023883727502",201.0,1,1417126489
"Bacteria 74.74888921907913 477.716353598658 0.641204630612517",201.0,1,1417126489
"Bacteria 188.0296810156853 409.6899632442887 0.6476808163496109",201.0,1,1417126489
"Bacteria 73.72125822314695 472.74720312538705 0.6575452110780354",201.0,1,1417126489
"Bacteria 105.23005164960972 178.58014042963325 0.5930607430333742",201.0,1,1417126489
"Bacteria 65.76255004267418 235.08065514084464 0.6074368618511046",201.0,1,1417126489
"Bacteria 105.22768226060859 47.40559077463953 0.7532457266925383",201.0,1,1417126489
"Bacteria 6.111666705555197 403.4117226474167 0.7371834819624001",201.0,1,1417126489
"Bacteria 212.53876832717518 56.666848262838634 0.7312158428417044",201.0,1,1417126489
"Bacteria 22.799960719142813 368.415700158315 0.6299362025235655",201.0,1,1417126489
"Bacteria 16.77394400585532 255.94396476558003 0.6280115670988732",201.0,1,1417126489
"Bacteria 99.08038325497854 224.2661303342721 0.6331132107714372",201.0,1,1417126489
"Bacteria 103.08884916332707 173.93244451503028 0.6126905729297907",201.0,1,1417126489
"Bacteria 77.46135405265943 477.3853674742526 0.6533576405162317",201.0,1,1417126489
"Bacteria 19.681813911410902 15.390847434930821 0.6497853056784049",201.0,1,1417126489
"Bacteria 76.42592136656192 475.2633119042231 0.64292092864981",201.0,1,1417126489
"Bacteria 231.3871732048416 357.64090706038195 0.6412820739060112",201.0,1,1417126489
"Bacteria 121.29825742240835 212.08284259972606 0.6046111223568178",201.0,1,1417126489
"Bacteria 98.36531732253644 177.36740039920272 0.612974747973832",201.0,1,1417126489
"Bacteria 118.79887387705033 212.97211600075002 0.6032792399019266",201.0,1,1417126489
"Bacteria 103.83006997981448 50.797649503095414 0.7474575245831913",201.0,1,1417126489
"Bacteria 143.96784949166204 457.220577766345 0.6568471764485693",201.0,1,1417126489
"Bacteria 98.00508498495057 223.60026694344543 0.6324183258769254",201.0,1,1417126489
"Bacteria 21.399960068335858 364.5817235299931 0.6323803402430552",201.0,1,1417126489
"Bacteria 188.11114199859264 410.98041573372103 0.6456873044680931",201.0,1,1417126489
"Bacteria 21.542397224821396 368.5329469341085 0.6375854767623973",201.0,1,1417126489
"Bacteria 71.55259077552655 474.84679584909776 0.6558463987047839",201.0,1,1417126489
"Bacteria 240.20637019352552 382.26706946364226 0.5902542757114119",201.0,1,1417126489
"Bacteria 103.90708539060266 219.42906997950894 0.6077055489970468",201.0,1,1417126489
"Bacteria 468.2373031973839 224.15140992961824 0.5641904896416278",201.0,1,1417126489
"Bacteria 66.95285016534524 235.37511919679096 0.6081865889560144",201.0,1,1417126489
"Bacteria 406.0160404769704 439.35104506090283 0.5641895835477563",201.0,1,1417126489
"Bacteria 180.02129490741143 469.36198966959216 0.660767630373121",201.0,1,1417126489
"Bacteria 100.10197897237272 218.8632321390783 0.60764950022227",201.0,1,1417126489
"Bacteria 20.477867919595152 84.4834925220291 0.7721905631747763",201.0,1,1417126489
"Bacteria 20.03021246552939 250.4454565828289 0.6187637919845852",201.0,1,1417126489
"Bacteria 22.020079719084563 252.8014097359025 0.6127421825851487",201.0,1,1417126489
"Bacteria 103.26288860504401 180.7462187141974 0.6005732284888634",201.0,1,1417126489
"Bacteria 181.86907999829754 470.52575971413444 0.6546496201157043",201.0,1,1417126489
"Bacteria 100.30062436113855 221.25966009089538 0.6031842325343322",201.0,1,1417126489
"Bacteria 455.1574445795268 234.65914034750313 0.5641895836467423",201.0,1,1417126489
"Bacteria 213.8585073832445 177.0626108269737 0.5879101607142793",201.0,1,1417126489
"Bacteria 215.1784288096417 132.8562640766146 0.579028180076838",201.0,1,1417126489
"Bacteria 18.998880704446606 83.99866307748151 0.7799487744246544",201.0,1,1417126489
"Bacteria 79.1119624177378 475.486018401405 0.663015792988724",201.0,1,1417126489
"Bacteria 21.95898499728294 17.04294908692442 0.5742003944467802",201.0,1,1417126489
"Bacteria 19.840891616788177 370.2223723708771 0.6489132929400261",201.0,1,1417126489
"Bacteria 121.02572072596303 215.76950252855232 0.610530223966595",201.0,1,1417126489
"Bacteria 191.53907961059537 414.43904135381007 0.6512805050121387",201.0,1,1417126489
"Bacteria 155.1588667963239 475.8492712703352 0.6557643365751992",201.0,1,1417126489
"Bacteria 156.22327126591884 475.0753125349964 0.648448334747308",201.0,1,1417126489
"Bacteria 6.285029766607581 272.0871303199605 0.7696128927523973",201.0,1,1417126489
"Bacteria 19.259833855947612 369.0643886884818 0.6475736491278583",201.0,1,1417126489
"Bacteria 182.71346822695173 396.3136053979758 0.6353825106760158",201.0,1,1417126489
"Bacteria 241.47294307825644 378.70576211212347 0.5783777534473193",201.0,1,1417126489
"Bacteria 227.9495958996771 356.458520509744 0.6389553166261599",201.0,1,1417126489
"Bacteria 18.0693907735558 251.42081506994876 0.609001003053044",201.0,1,1417126489
"Bacteria 72.84169770724186 474.7007748242876 0.644244732821667",201.0,1,1417126489
"Bacteria 21.431024051277635 18.0649627869927 0.576365118907168",201.0,1,1417126489
"Bacteria 74.94635745936661 473.2229207682961 0.6514275108474842",201.0,1,1417126489
"Bacteria 212.19484132463725 58.05272928338084 0.6985730971432378",201.0,1,1417126489
"Bacteria 110.95038678174507 486.56517444876994 0.6409936315988587",201.0,1,1417126489
"Bacteria 73.97509031567732 475.30200515164626 0.6426396531499894",201.0,1,1417126489
"Bacteria 179.26615007195232 470.7886650705885 0.6548852777195904",201.0,1,1417126489
"Bacteria 6.246851521470984 382.0025074299907 0.7415763341477036",201.0,1,1417126489
"Bacteria 8.493029391251243 403.7686076979758 0.7703506295265037",201.0,1,1417126489
"Bacteria 225.47986381322482 361.08141920822555 0.6400741630918271",201.0,1,1417126489
"Bacteria 67.95413257880256 3.2847989795065144 0.7360488110701504",201.0,1,1417126489
"Bacteria 113.45498756160332 486.09788898791584 0.6479462654630443",201.0,1,1417126489
"Bacteria 213.07122284727913 172.26159608979773 0.6119599362264929",201.0,1,1417126489
"Bacteria 147.1589130001047 452.6129666674244 0.6471218688188274",201.0,1,1417126489
"Bacteria 22.231130591549224 255.25565284245053 0.6214790318371027",201.0,1,1417126489
"Bacteria 10.916275444210008 384.62789205415953 0.5743100627548225",201.0,1,1417126489
"Bacteria 190.24148150299243 414.45472929527887 0.648786419846643",201.0,1,1417126489
"Bacteria 181.29161795028853 397.40147893791897 0.6392377744396581",201.0,1,1417126489
"Bacteria 110.36208715409914 487.70310163552193 0.6441772980072814",201.0,1,1417126489
"Bacteria 64.79347591058254 233.26610217959418 0.6126341078403879",201.0,1,1417126489
"Bacteria 100.74014608907062 177.0281803180193 0.5851417911300535",201.0,1,1417126489
"Bacteria 222.61254110927206 133.29534875504558 0.6063574264711326",201.0,1,1417126489
"Bacteria 158.70190917057633 474.74015213052564 0.6396678468982671",201.0,1,1417126489
"Bacteria 129.38164482991843 395.77353436842316 0.6442265021508082",201.0,1,1417126489
"Bacteria 490.9972830209881 230.91999418102205 0.6095248842100446",201.0,1,1417126489
"Bacteria 22.171018212247247 363.58134235803726 0.6326894523684184",201.0,1,1417126489
"Bacteria 230.91634553989203 360.04227118903316 0.6272295146114875",201.0,1,1417126489
"Bacteria 73.99276057608544 478.75823734407174 0.6492985505322371",201.0,1,1417126489
"Bacteria 13.218933680066815 269.48766358706513 0.5983204377369489",201.0,1,1417126489
"Bacteria 208.74383306072943 8.497914572426065 0.752200109117558",201.0,1,1417126489
"Bacteria 77.87815444158582 479.7543782440425 0.6605403438830352",201.0,1,1417126489
"Bacteria 18.068546132470786 86.40661329016176 0.7961504767741877",201.0,1,1417126489
"Bacteria 206.96908600808882 6.578173729921092 0.6297228072906582",201.0,1,1417126489
"Bacteria 186.14441091365745 394.78306955402394 0.6419599048035138",201.0,1,1417126489
"Bacteria 107.62575186341921 486.2464389122325 0.6581133608131368",201.0,1,1417126489
"Bacteria 227.84503655672287 357.727200894489 0.6369029090057353",201.0,1,1417126489
"Bacteria 160.33859155506195 472.86472664919035 0.6437396691774931",201.0,1,1417126489
"Bacteria 145.63190412894252 454.47979281688157 0.6434089851650254",201.0,1,1417126489
"Bacteria 213.58673750136606 55.636337265858955 0.7406657316669113",201.0,1,1417126489
"Bacteria 238.45131936174622 378.5142211983099 0.5937698574182115",201.0,1,1417126489
"Bacteria 11.662810225469359 271.24689760368926 0.5738102922246646",201.0,1,1417126489
"Bacteria 231.55008844649907 358.91146081441553 0.6406314310527238",201.0,1,1417126489
"Bacteria 182.1671100507169 474.3517309560871 0.6421675628466911",201.0,1,1417126489
"Bacteria 177.29285133830118 472.7501523716612 0.6594836123376673",201.0,1,1417126489
"Bacteria 101.10747802879821 181.80102816700295 0.6118483340634235",201.0,1,1417126489
"Bacteria 8.269031459840637 271.1134558622254 0.7810503259534961",201.0,1,1417126489
"Bacteria 104.17732158974108 48.445018099203104 0.7269969448875845",201.0,1,1417126489
"Bacteria 130.03357718312597 401.56006912885607 0.6469360732467742",201.0,1,1417126489
"Bacteria 7.161066775525257 386.31290957098366 0.7482693338595374",201.0,1,1417126489
"Bacteria 10.229597758167122 272.3582589424913 0.5716044496756117",201.0,1,1417126489
"Bacteria 181.50304928850048 395.9035710534282 0.6448875125769123",201.0,1,1417126489
"Bacteria 67.19338446227397 234.16380654633429 0.6235033512960163",201.0,1,1417126489
"Bacteria 133.65286764990952 401.48382492573194 0.6502038297214119",201.0,1,1417126489
"Bacteria 21.01368254739025 369.69267957434977 0.639987448072085",201.0,1,1417126489
"Bacteria 215.26754781139465 136.69365578758485 0.5961574232868508",201.0,1,1417126489
"Bacteria 117.77269552768158 211.7219060396929 0.6061324409894313",201.0,1,1417126489
"Bacteria 155.05539187691537 474.5105675755259 0.6506086453269129",201.0,1,1417126489
"Bacteria 11.381224195247368 272.3634204617453 0.5831255783266222",201.0,1,1417126489
"Bacteria 7.09639757698409 387.81794755406787 0.760577047562551",201.0,1,1417126489
"Bacteria 7.99977225222201 269.5795282007038 0.7762972137660479",201.0,1,1417126489
"Bacteria 143.47224523942853 455.98452019410917 0.6505936986895229",201.0,1,1417126489
"Bacteria 430.38460914976895 322.0395299140364 0.5641895835477563",201.0,1,1417126489
"Bacteria 237.66479074530307 379.3886950927009 0.5866836796387151",201.0,1,1417126489
"Bacteria 205.70605473070754 6.7696273498678 0.6493782661876869",201.0,1,1417126489
"Bacteria 62.61357278846653 237.77595412328867 0.6136514791763912",201.0,1,1417126489
"Bacteria 106.25878054529619 175.91159826119997 0.6166722565505194",201.0,1,1417126489
"Bacteria 130.09311962358618 400.2303707407916 0.6383169707848119",201.0,1,1417126489
"Bacteria 100.48082302113009 217.51605699396492 0.6179250376531756",201.0,1,1417126489
"Bacteria 213.867651948065 57.21132124304874 0.7049717844710623",201.0,1,1417126489
"Bacteria 216.19607015816885 173.76272180831165 0.6088815797250836",201.0,1,1417126489
"Bacteria 102.13553886748802 181.15990019973253 0.6011550607498982",201.0,1,1417126489
"Bacteria 217.02380521944627 131.02456779488404 0.5799889316739051",201.0,1,1417126489
"Bacteria 71.51632314048535 476.1565483670072 0.6550564232743408",201.0,1,1417126489
"Bacteria 129.28478159261414 399.03282441843317 0.637122763286554",201.0,1,1417126489
"Bacteria 213.91703000389933 175.78869394872558 0.5794987153696368",201.0,1,1417126489
"Bacteria 19.91814289517659 252.92499570687986 0.606413500533471",201.0,1,1417126489
"Bacteria 235.4054267957903 377.4648767182108 0.6148434551052768",201.0,1,1417126489
"Bacteria 18.69102648469686 16.47210974436677 0.6602436371009119",201.0,1,1417126489
"Bacteria 99.02356874963971 219.4243816263562 0.6089200649285951",201.0,1,1417126489
"Bacteria 100.14868601237042 220.06760539628323 0.5986891868340279",201.0,1,1417126489
"Bacteria 10.615880941568234 406.1323374951841 0.5767152161983444",201.0,1,1417126489
"Bacteria 216.16952686666875 135.92536410269935 0.5926455186960358",201.0,1,1417126489
"Bacteria 118.1425771957298 213.97790077962128 0.6028978933259251",201.0,1,1417126489
"Bacteria 21.54868279758969 367.27417608605134 0.6235366440647334",201.0,1,1417126489
"Bacteria 6.763338723441308 401.37819546526526 0.7415656113409087",201.0,1,1417126489
"Bacteria 69.78243681667817 234.5529596880325 0.6371013244360265",201.0,1,1417126489
"Bacteria 183.2410535621616 473.6610634526153 0.6434075325230054",201.0,1,1417126489
"Bacteria 105.33865951041804 50.694312848889865 0.7669565720630055",201.0,1,1417126489
"Bacteria 18.682572101546906 367.1742658255002 0.6393456618453164",201.0,1,1417126489
"Bacteria 225.87833947049631 362.2967093955808 0.641040014372115",201.0,1,1417126489
"Bacteria 111.08270182140663 485.2860948770318 0.6491505310764227",201.0,1,1417126489
"Bacteria 24.0189534342817 83.36631456326118 0.571056073491211",201.0,1,1417126489
"Bacteria 149.39665632150238 456.73309313029466 0.6460523661743198",201.0,1,1417126489
"Bacteria 227.13083714772577 362.55197122290895 0.639085761129986",201.0,1,1417126489
"Bacteria 63.985416991920694 236.77846425448948 0.6003086503400049",201.0,1,1417126489
"Bacteria 24.49229092477762 365.52231278459476 0.6366942732584138",201.0,1,1417126489
"Bacteria 187.61471581422228 396.93234157881466 0.6472691292630093",201.0,1,1417126489
"Bacteria 230.79138361904987 363.6937845504302 0.6450469720568854",201.0,1,1417126489
"Bacteria 161.08874983458566 476.2180069178399 0.6516169446207348",201.0,1,1417126489
"Bacteria 69.37379921975177 4.444783168868934 0.6311299329945826",201.0,1,1417126489
"Bacteria 229.19224592287688 362.36532518006874 0.6372633372914918",201.0,1,1417126489
"Bacteria 215.44210441379732 174.86291820248104 0.5846342446088844",201.0,1,1417126489
"Bacteria 20.337117974436342 17.64451489265042 0.5680534267265087",201.0,1,1417126489
"Bacteria 218.79575385591792 136.18369076148588 0.5895038671381189",201.0,1,1417126489
"Bacteria 10.829791169765059 381.91168445193136 0.7973110660141705",201.0,1,1417126489
"Bacteria 76.22136051970084 476.9863583386222 0.650675244211213",201.0,1,1417126489
"Bacteria 101.52132169884617 47.3104585986222 0.7148389700555113",201.0,1,1417126489
"Bacteria 242.58065417145346 380.03473090738544 0.5765087899181991",201.0,1,1417126489
"Bacteria 218.31705232532033 135.11724050686627 0.5812434758966981",201.0,1,1417126489
"Bacteria 119.00410117035334 216.92650698673486 0.6041602832480958",201.0,1,1417126489
"Bacteria 22.922131924017894 83.04941020040728 0.5710991728153829",201.0,1,1417126489
"Bacteria 122.44939040299836 212.47063130245195 0.611846087256523",201.0,1,1417126489
"Bacteria 23.351545732881572 366.04747199836896 0.6255201869957039",201.0,1,1417126489
"Bacteria 219.6569217209261 133.02240196628304 0.7984985970253043",201.0,1,1417126489
"Bacteria 19.464225255016633 87.13602189754015 0.7815843574164701",201.0,1,1417126489
"Bacteria 111.41825537360354 489.8945244167101 0.6496360491238349",201.0,1,1417126489
"Bacteria 221.42915247913137 133.13383487373997 0.5887644278260095",201.0,1,1417126489
"Bacteria 183.07902329859823 471.05162951770956 0.6487266378454378",201.0,1,1417126489
"Bacteria 159.796053847213 476.340976759174 0.6512602864517153",201.0,1,1417126489
"Bacteria 213.84354343702682 173.20671154089942 0.6095482938207404",201.0,1,1417126489
"Bacteria 150.81534114560571 452.74151797582596 0.6592518596276203",201.0,1,1417126489
"Bacteria 100.33258422108608 224.3347895140409 0.6211879975032367",201.0,1,1417126489
"Bacteria 119.36412264218141 209.32485817606693 0.6297489293185194",201.0,1,1417126489
"Bacteria 7.7268400375507875 381.7849325353945 0.7552007769494951",201.0,1,1417126489
"Bacteria 179.65536939962396 397.05051618376666 0.6547316962403247",201.0,1,1417126489
"Bacteria 65.14234918119945 237.0706006108989 0.5980051616842991",201.0,1,1417126489
"Bacteria 20.079700496070608 16.540257435040054 0.5697992089579309",201.0,1,1417126489
"Bacteria 100.438328365988 46.3351799003329 0.7449315099173114",201.0,1,1417126489
"Bacteria 215.4103577801191 177.12079819300976 0.5804319428107136",201.0,1,1417126489
"Bacteria 22.177237736450426 85.70743153742288 0.7657858177471372",201.0,1,1417126489
"Bacteria 102.20037721582227 46.03134772588991 0.735941289891685",201.0,1,1417126489
"Bacteria 190.41929132592796 411.7173676963993 0.6462103662985692",201.0,1,1417126489
"Bacteria 20.297136759452073 368.3255184246015 0.6290797388085084",201.0,1,1417126489
"Bacteria 10.561093209594723 269.2939189930088 0.579226262375009",201.0,1,1417126489
"Bacteria 19.86071322015559 251.6605221202128 0.6060353959459744",201.0,1,1417126489
"Bacteria 76.02578640635075 472.4938177407245 0.653940576245233",201.0,1,1417126489
"Bacteria 119.4205482073012 213.9969171700819 0.5953521708689615",201.0,1,1417126489
"Bacteria 65.3800843042471 4.977958707697029 0.5778086786550675",201.0,1,1417126489
"Bacteria 12.038327613704181 405.421229233221 0.5934283429781059",201.0,1,1417126489
"Bacteria 216.31126262300063 132.7004478483356 0.570769143448946",201.0,1,1417126489
"Bacteria 20.71332049627137 86.08327552450687 0.7495556736953631",201.0,1,1417126489
"Bacteria 187.45999652795348 395.63858811960637 0.6540359510201517",201.0,1,1417126489
"Bacteria 111.27592569469945 483.99706178254996 0.6573148190765363",201.0,1,1417126489
"Bacteria 155.71019908784632 473.38773407989464 0.6502646265136853",201.0,1,1417126489
"Bacteria 68.65613333357864 499.99758300028935 0.6702039716867337",201.0,1,1417126489
"Bacteria 114.57381461380746 488.14848657039965 0.6547305783481231",201.0,1,1417126489
"Bacteria 104.2755021842196 175.83390488817824 0.5908812097957306",201.0,1,1417126489
"Bacteria 213.48688297561702 58.55505827727587 0.6939306254464813",201.0,1,1417126489
"Bacteria 214.85464718658034 58.24835664518853 0.7132796368142423",201.0,1,1417126489
"Bacteria 213.01030418212747 61.37444255000472 0.7639264343061397",201.0,1,1417126489
"Bacteria 215.94003289604763 57.2586956562607 0.7597572958494156",201.0,1,1417126489
"Bacteria 77.40463392340808 476.0924460835077 0.6438746748265944",201.0,1,1417126489
"Bacteria 73.93537700526592 474.02464582041824 0.6428302425302639",201.0,1,1417126489
"Bacteria 236.62897604950666 377.50681212978753 0.6123412680078616",201.0,1,1417126489
"Bacteria 217.3745239654336 177.6445873253417 0.6062650142920695",201.0,1,1417126489
"Bacteria 144.1870467826104 458.51852965696725 0.6581955778557046",201.0,1,1417126489
"Bacteria 185.08657758901768 415.56119529777084 0.64796294340747",201.0,1,1417126489
"Bacteria 119.8506067319155 216.06690850790574 0.6042703309811857",201.0,1,1417126489
"Bacteria 123.67007554422888 212.55169012825164 0.6139624182953388",201.0,1,1417126489
"Bacteria 186.57025523098636 414.9014584560917 0.6355557780183773",201.0,1,1417126489
"Bacteria 158.75177374907602 469.84520799045873 0.6645299436695387",201.0,1,1417126489
"Bacteria 425.87711208034307 242.03801585827023 0.5641895835477563",201.0,1,1417126489
"Bacteria 24.07630128445716 367.07474885159496 0.6332745435518955",201.0,1,1417126489
"Bacteria 184.2413728925614 471.6327905369662 0.6511745375287139",201.0,1,1417126489
"Bacteria 23.837908839058215 87.84082070150227 0.7941319890252281",201.0,1,1417126489
"Bacteria 225.27324300841244 359.8216409738607 0.6392360773032473",201.0,1,1417126489
"Bacteria 212.4778056087262 179.46352127105857 0.6066661048791728",201.0,1,1417126489
"Bacteria 19.526508046704578 21.661972076318786 0.6915139886370609",201.0,1,1417126489
"Bacteria 189.7294354489136 415.62780085546547 0.6372088475654188",201.0,1,1417126489
"Bacteria 189.40062779027065 410.92066003351647 0.6459921577467861",201.0,1,1417126489
"Bacteria 148.9674658038594 453.0342137830478 0.6488996006543993",201.0,1,1417126489
"Bacteria 147.74723509054576 454.85646224788803 0.6370648593909062",201.0,1,1417126489
"Bacteria 184.74711699724162 475.64615074467997 0.648994126389219",201.0,1,1417126489
"Bacteria 102.2364875177512 219.19212600801225 0.6008576676221807",201.0,1,1417126489
"Bacteria 184.5675730294461 396.46039929203044 0.6305695781294882",201.0,1,1417126489
"Bacteria 104.35157480228588 177.7890008145982 0.5920662716189181",201.0,1,1417126489
"Bacteria 132.5650692763895 400.7974807014366 0.6395278790305942",201.0,1,1417126489
"Bacteria 232.35440166684864 359.90969235940315 0.6421991905421512",201.0,1,1417126489
"Bacteria 101.79278195286376 49.43297849997844 0.6992574217379203",201.0,1,1417126489
"Bacteria 177.8634095810451 474.1137001579163 0.649705596270017",201.0,1,1417126489
"Bacteria 182.03751934041134 471.8064901054609 0.641652918304991",201.0,1,1417126489
"Bacteria 239.5583456867331 379.68906429051583 0.5797891642586135",201.0,1,1417126489
"Bacteria 9.857966820041183 401.0304382751621 0.7839360995901778",201.0,1,1417126489
"Bacteria 240.7093202016033 379.57337306956134 0.5783366235759185",201.0,1,1417126489
"Bacteria 146.57161835851448 455.33420316009483 0.6370731893527712",201.0,1,1417126489
"Bacteria 19.202297153469278 365.8339681879893 0.6321476802716154",201.0,1,1417126489
"Bacteria 10.582910985314324 270.874618975358 0.5732772854404469",201.0,1,1417126489
"Bacteria 20.93632336535686 87.57049108051274 0.7575660889159304",201.0,1,1417126489
"Bacteria 134.64376595941215 400.6433128026719 0.6504124863704908",201.0,1,1417126489
"Bacteria 218.40051180031855 176.9834086160696 0.6085894001582086",201.0,1,1417126489
"Bacteria 8.263809799588696 383.1946345800429 0.7555627068403619",201.0,1,1417126489
"Bacteria 188.64969732027023 416.3042170901625 0.6429370856538176",201.0,1,1417126489
"Bacteria 237.9143667154449 380.532056974094 0.5867402473883064",201.0,1,1417126489
"Bacteria 236.4705106697862 379.306866353331 0.6139670207735768",201.0,1,1417126489
"Bacteria 61.86648541028031 235.80596247287883 0.6176015907170213",201.0,1,1417126489
"Bacteria 144.75071756847268 456.1790453034003 0.6459142059611132",201.0,1,1417126489
"Bacteria 75.91657900706218 478.25307596296506 0.6515419019648935",201.0,1,1417126489
"Bacteria 295.8230074727908 492.27919115219265 0.5641911043923674",201.0,1,1417126489
"Bacteria 19.01749019291051 254.91200495457807 0.6082549881315497",201.0,1,1417126489
"Bacteria 101.2588200373239 218.4713743172793 0.6149969080783999",201.0,1,1417126489
"Bacteria 114.69267409483463 485.71203439713764 0.6561506751410361",201.0,1,1417126489
"Bacteria 64.39553596322844 235.65030073273644 0.6017733928860737",201.0,1,1417126489
"Bacteria 101.52687446961167 216.83572321417466 0.6299958822317959",201.0,1,1417126489
"Bacteria 191.42346809237705 412.61070191048674 0.6473264590675326",201.0,1,1417126489
"Bacteria 11.025663076697167 274.4967581824014 0.5849932184732639",201.0,1,1417126489
"Bacteria 99.2424555559608 222.109733026539 0.6218672159221509",201.0,1,1417126489
"Bacteria 11.468116640409093 403.55071715155304 0.5847793435475419",201.0,1,1417126489
"Bacteria 109.67353847381534 486.61227005878857 0.645362133774664",201.0,1,1417126489
"Bacteria 148.15383726560984 457.2583584268723 0.6451278427391287",201.0,1,1417126489
"Bacteria 100.99154208817481 179.3103834566081 0.5920742948514136",201.0,1,1417126489
"Bacteria 212.74821260502713 175.80671858585592 0.5933076332960495",201.0,1,1417126489
"Bacteria 17.317316002712502 254.48229723900187 0.6152308799720126",201.0,1,1417126489
"Bacteria 17.252256946667586 252.32189453865104 0.6083147361997655",201.0,1,1417126489
"Bacteria 105.27815376178488 175.17004308422224 0.6136064217378564",201.0,1,1417126489
"Bacteria 120.88976009710174 213.24055931646737 0.5965009817692839",201.0,1,1417126489
"Bacteria 182.84533627285364 400.27941064158637 0.6445668720131158",201.0,1,1417126489
"Bacteria 6.751447333936209 384.8832877189615 0.7411647617250133",201.0,1,1417126489
"Bacteria 239.65509372269884 377.04617939316023 0.5923916892131286",201.0,1,1417126489
"Bacteria 131.85004101699022 398.4374569048274 0.6308697188053219",201.0,1,1417126489
"Bacteria 133.11891201312915 398.400653121307 0.6396642641157386",201.0,1,1417126489
"Bacteria 215.94984155369826 134.72214082265225 0.5854196136716671",201.0,1,1417126489
"Bacteria 73.46881812066978 477.57266477793064 0.6498756347520065",201.0,1,1417126489
"Bacteria 99.7941087169887 223.2191923787207 0.6190991446476416",201.0,1,1417126489
"Bacteria 189.30211661377453 412.33217456699356 0.6316894666152277",201.0,1,1417126489
"Bacteria 217.93671799501618 179.0696495800661 0.6049668166709435",201.0,1,1417126489
"Bacteria 226.24202776439938 359.0105813773407 0.6275701130322434",201.0,1,1417126489
"Bacteria 100.72782221495085 180.63802585899367 0.6111305004889245",201.0,1,1417126489
"Bacteria 113.64175143452928 490.561018923485 0.6584092248121101",201.0,1,1417126489
"Bacteria 103.19670453033385 49.48993118154335 0.70915768615418",201.0,1,1417126489
"Bacteria 189.46995019724258 409.0891430197655 0.6525946960440268",201.0,1,1417126489
"Bacteria 207.34913998111853 7.914200729545095 0.7602170472994005",201.0,1,1417126489
"Bacteria 181.64014932113102 478.0558009516133 0.655813916232025",201.0,1,1417126489
"Bacteria 76.19366253549832 473.7877554354256 0.6506666623159486",201.0,1,1417126489
"Bacteria 226.75093510631325 355.9941316597399 0.647699765388231",201.0,1,1417126489
"Bacteria 339.8998894263059 395.04656672943383 0.5641895835477563",201.0,1,1417126489
"Bacteria 104.83545110710453 180.93984352224336 0.6056971891545073",201.0,1,1417126489
"Bacteria 105.47144667981303 221.4698716655531 0.6172423821727746",201.0,1,1417126489
"Bacteria 134.6134228508538 398.7032659951769 0.6463993833216453",201.0,1,1417126489
"Bacteria 66.35412810356088 3.3440051947877927 0.5885284015450376",201.0,1,1417126489
"Bacteria 186.13539959963228 398.3917420637378 0.6394556039661797",201.0,1,1417126489
"Bacteria 64.95121967875633 238.2632588868463 0.6110480726230486",201.0,1,1417126489
"Bacteria 190.35730611100533 410.04481179441456 0.6518651785180554",201.0,1,1417126489
"Bacteria 102.49654249342893 220.4343613101168 0.5945630399255146",201.0,1,1417126489
"Bacteria 184.54747557491797 402.10280770777894 0.6522156672928214",201.0,1,1417126489
"Bacteria 210.33504731840014 7.429053313777319 0.5766146860800299",201.0,1,1417126489
"Bacteria 179.66811027928674 476.8419770583549 0.6520195286267966",201.0,1,1417126489
"Bacteria 228.98051759946733 358.27542264591057 0.6300929610993757",201.0,1,1417126489
"Bacteria 62.843736116610025 233.03769272003643 0.6310451554052959",201.0,1,1417126489
"Bacteria 128.1334528375996 398.4865309570975 0.6384537716985789",201.0,1,1417126489
"Bacteria 208.10551584797423 6.123957667810545 0.5961579441418673",201.0,1,1417126489
"Bacteria 237.23511296490506 381.50785608594657 0.6027976042883015",201.0,1,1417126489
"Bacteria 19.654071792628507 256.1685407915672 0.6269391158492678",201.0,1,1417126489
"Bacteria 122.22773191745823 215.97602972931767 0.6116698615162042",201.0,1,1417126489
"Bacteria 237.8323400028892 377.5040022545787 0.5949685006139247",201.0,1,1417126489
"Bacteria 156.99838306935243 473.43137963034104 0.640637530691276",201.0,1,1417126489
"Bacteria 102.3653672133827 50.72908365706919 0.7205119856085711",201.0,1,1417126489
"Bacteria 67.20868772607847 238.3503490955788 0.6206854402262842",201.0,1,1417126489
"Bacteria 178.72036940451505 475.08515546860474 0.6493490425624034",201.0,1,1417126489
"Bacteria 101.3116871948571 220.33743359493937 0.5977677816642991",201.0,1,1417126489
"Bacteria 213.21452836547667 174.23373543420826 0.590224271976836",201.0,1,1417126489
"Bacteria 182.34007548591063 475.61567952068685 0.6436365121739901",201.0,1,1417126489
"Bacteria 68.15162571904263 4.607792808502537 0.6021652525178152",201.0,1,1417126489
"Bacteria 239.29540782380198 383.0357190974462 0.6047849973794186",201.0,1,1417126489
"Bacteria 208.26707486265425 4.934193156363414 0.6063401578446893",201.0,1,1417126489
"Bacteria 240.79970310324177 376.62327958328075 0.5977765059876332",201.0,1,1417126489
"Bacteria 123.55255285011239 213.7788976918807 0.6181960560908506",201.0,1,1417126489
"Bacteria 189.4999531523252 417.26802275412217 0.6460615929811269",201.0,1,1417126489
"Bacteria 157.27682490521173 471.15185687685033 0.6546992036364696",201.0,1,1417126489
"Bacteria 214.74503153577544 178.93942410874945 0.5877037310917193",201.0,1,1417126489
"Bacteria 19.94734385854773 367.1210307799844 0.6292183949850468",201.0,1,1417126489
"Bacteria 186.24186982548594 416.1397190015667 0.6473621314186436",201.0,1,1417126489
"Bacteria 21.41730878596683 20.121173481669565 0.6289000647183637",201.0,1,1417126489
"Bacteria 130.86789785896713 399.22680340911336 0.6312401779571021",201.0,1,1417126489
"Bacteria 66.42838920847599 4.502435677574332 0.574121620068056",201.0,1,1417126489
"Bacteria 102.71483710699403 223.01201594143652 0.6015890610259537",201.0,1,1417126489
"Bacteria 183.07384629607742 477.84960685853554 0.6557754873369293",201.0,1,1417126489
"Bacteria 69.02043846846101 2.495124027228216 0.5917255730004443",201.0,1,1417126489
"Bacteria 210.03696206878666 6.183759592533839 0.7050567263106873",201.0,1,1417126489
"Bacteria 100.47490763759869 216.14126989005806 0.6307927158075427",201.0,1,1417126489
"Bacteria 211.2834060423073 175.65454874677079 0.608910883360267",201.0,1,1417126489
"Bacteria 213.80491533871438 178.23646104032872 0.5885801801665177",201.0,1,1417126489
"Bacteria 239.62052054322385 378.5350920878199 0.5797958140385295",201.0,1,1417126489
"Bacteria 109.84927932263341 484.87779159975406 0.6518932920049685",201.0,1,1417126489
"Bacteria 115.8773849566837 488.01969188800587 0.6582845922832345",201.0,1,1417126489
"Bacteria 431.76956207025796 287.3094816459343 0.5641895835477563",201.0,1,1417126489
"Bacteria 111.83978968414667 487.48068166657373 0.6396405773134108",201.0,1,1417126489
"Bacteria 10.00907709336427 403.47237521795176 0.7780866987982166",201.0,1,1417126489
"Bacteria 6.774781557572745 383.39496136665525 0.7493832495884264",201.0,1,1417126489
"Bacteria 127.6594173500147 399.67944129620565 0.6464443482435288",201.0,1,1417126489
"Bacteria 144.6306165449706 452.7070762315549 0.6545090222580291",201.0,1,1417126489
"Bacteria 21.707185080749557 366.0391402159507 0.6233054179745166",201.0,1,1417126489
"Bacteria 66.01304445467582 236.25603093821772 0.5974989124778675",201.0,1,1417126489
"Bacteria 222.57964281352614 132.08504810403883 0.6055947742110291",201.0,1,1417126489
"Bacteria 216.57131577704635 175.1560698407485 0.5846819475588189",201.0,1,1417126489
"Bacteria 99.29734782332635 180.51120848758072 0.6172914202634991",201.0,1,1417126489
"Bacteria 186.90731207772026 410.3396929886604 0.6492145762936598",201.0,1,1417126489
"Bacteria 214.38587986286782 174.35612584197372 0.5895655579935482",201.0,1,1417126489
"Bacteria 23.357231472717626 84.7219941018017 0.7746050638591149",201.0,1,1417126489
"Bacteria 20.17337093016814 254.53935340477818 0.6084924123163102",201.0,1,1417126489
"Bacteria 121.34182056003056 210.8722300599506 0.6075351438494118",201.0,1,1417126489
"Bacteria 116.68959321463183 214.72866024465947 0.6196397767437688",201.0,1,1417126489
"Bacteria 8.150883769247235 405.5934822822193 0.771311956928769",201.0,1,1417126489
"Bacteria 178.91702685817168 395.96606480083756 0.6561187597563299",201.0,1,1417126489
"Bacteria 187.06807678038913 399.2712321444707 0.6456172447986217",201.0,1,1417126489
"Bacteria 70.21245457242105 2.661413623047305 0.6135601794038109",201.0,1,1417126489
"Bacteria 120.30462450841549 210.14232031811164 0.6180824307270255",201.0,1,1417126489
"Bacteria 79.85591248271749 476.89643810676574 0.6627973654298681",201.0,1,1417126489
"Bacteria 77.35733370665207 474.3716846842053 0.6506523542737762",201.0,1,1417126489
"Bacteria 9.102769676130238 272.1816210153966 0.5713946949751326",201.0,1,1417126489
"Bacteria 214.47584801055825 180.39923123393928 0.6049174472967676",201.0,1,1417126489
"Bacteria 110.0424429005484 483.53647914192993 0.6602999691948989",201.0,1,1417126489
"Bacteria 134.1981252412468 397.47367636506914 0.6533331591444195",201.0,1,1417126489
"Bacteria 68.13741655481478 234.97734497760862 0.6243318899031094",201.0,1,1417126489
"Bacteria 216.17583340945777 176.25071517338702 0.5806313571007352",201.0,1,1417126489
"Bacteria 20.803505206935068 256.6700820102857 0.6269926381017276",201.0,1,1417126489
"Bacteria 21.107140121618585 251.04095743341418 0.6152550426458492",201.0,1,1417126489
"Bacteria 218.6349327512284 131.7950042490041 0.8036176290866206",201.0,1,1417126489
"Bacteria 7.15089187832563 404.46120396706687 0.7423100956338514",201.0,1,1417126489
"Bacteria 161.69532863978242 475.0689931288027 0.6516558528989614",201.0,1,1417126489
"Bacteria 100.7530475298015 48.49859327607914 0.7031849725140643",201.0,1,1417126489
"Bacteria 130.46730748652107 395.07001793766415 0.6499017588270904",201.0,1,1417126489
"Bacteria 214.7215634372752 59.67701426974657 0.7232098898386967",201.0,1,1417126489
"Bacteria 103.73457060345936 179.58143757097773 0.5955572041179137",201.0,1,1417126489
"Bacteria 228.09794317386857 361.7362986472141 0.627376430877843",201.0,1,1417126489
"Bacteria 241.3840332965655 382.2191258561341 0.5901930906993615",201.0,1,1417126489
"Bacteria 118.0819388462563 215.18680331170233 0.6122963423625775",201.0,1,1417126489
"Bacteria 277.1168724866584 335.0513456389308 0.5644580184729259",201.0,1,1417126489
"Bacteria 25.743152414583836 364.8544895846099 0.6511986690477007",201.0,1,1417126489
"Bacteria 102.67712367684527 179.03614242674925 0.5953495988782879",201.0,1,1417126489
"Bacteria 21.97284735340173 84.01141551062194 0.7809224109412191",201.0,1,1417126489
"Bacteria 23.62205975502542 369.3777121585744 0.6399033256941143",201.0,1,1417126489
"Bacteria 211.46134108190702 7.158630306254263 0.5819430287954409",201.0,1,1417126489
"Bacteria 187.41803478446312 416.6740810867972 0.6486381378713123",201.0,1,1417126489
"Bacteria 101.09470700685026 178.14089456448545 0.5845046420644584",201.0,1,1417126489
"Bacteria 150.01297333113536 457.92888258085884 0.6515563169515141",201.0,1,1417126489
"Bacteria 121.45816887982022 214.64566033313022 0.5966807866198152",201.0,1,1417126489
"Bacteria 215.6931504965556 178.25097132033278 0.5875178894341636",201.0,1,1417126489
"Bacteria 103.1839601960059 177.9062354277072 0.5822502094761669",201.0,1,1417126489
"Bacteria 17.96333158327528 366.1184628218444 0.6394630889476629",201.0,1,1417126489
"Bacteria 181.7834729422879 398.5790964531937 0.6375453759220228",201.0,1,1417126489
"Bacteria 208.96684209766997 7.075499879051317 0.6893401968427704",201.0,1,1417126489
"Bacteria 61.64224553901416 237.0226786167284 0.6183654757349596",201.0,1,1417126489
"Bacteria 180.94447385978384 476.5882559885261 0.650667288029173",201.0,1,1417126489
"Bacteria 219.22286202066192 130.09653590339067 0.5926873547049702",201.0,1,1417126489
"Bacteria 72.50984122977512 472.2390047183113 0.6585523051671751",201.0,1,1417126489
"Bacteria 23.18699261245456 253.23808774588886 0.6366602081896269",201.0,1,1417126489
"Bacteria 131.35471304873707 400.3990949843852 0.6390506294269456",201.0,1,1417126489
"Bacteria 105.31736789924027 176.70332030199032 0.613410244770007",201.0,1,1417126489
"Bacteria 25.567663969662995 366.2167933458585 0.6486868894903932",201.0,1,1417126489
"Bacteria 15.42394629311905 252.83974383517534 0.6255913123658324",201.0,1,1417126489
"Bacteria 218.01682313004332 129.34587892737514 0.6000861081915736",201.0,1,1417126489
"Bacteria 230.33935797563535 356.4966868958582 0.6420375484723507",201.0,1,1417126489
"Bacteria 22.412028247707067 87.21834528657202 0.7651669403360472",201.0,1,1417126489
"Bacteria 151.48004557395805 453.88043673187934 0.660419742048569",201.0,1,1417126489
"Bacteria 185.7467482081264 395.99654583167137 0.6373603862585845",201.0,1,1417126489
"Bacteria 159.09573117931274 472.5442821435848 0.6431406099231355",201.0,1,1417126489
"Bacteria 66.23232687043104 240.24325293799615 0.6264951135771991",201.0,1,1417126489
"Bacteria 313.13719728495926 399.66028509661555 0.5641895835509172",201.0,1,1417126489
"Bacteria 24.601196946169214 364.25765991359685 0.637682312810436",201.0,1,1417126489
"Bacteria 109.2195744217817 488.3098738317447 0.6523194430792393",201.0,1,1417126489
"Bacteria 183.53296262662968 476.10701436140585 0.6520523796455606",201.0,1,1417126489
"Bacteria 296.9372656662017 280.52006231155246 0.5641895844849061",201.0,1,1417126489
"Bacteria 23.31588444921674 17.525308964427474 0.6631832436545171",201.0,1,1417126489
"Bacteria 78.55938825885362 476.6802475897417 0.654596215751026",201.0,1,1417126489
"Bacteria 62.8042889828246 236.57979027056905 0.601835547444721",201.0,1,1417126489
"Bacteria 22.53642874380443 365.10674293637186 0.6250232514653815",201.0,1,1417126489
"Bacteria 158.62625786025376 471.24108284210035 0.6494331864021371",201.0,1,1417126489
"Bacteria 231.94070713698983 363.09966384417027 0.6464192458230739",201.0,1,1417126489
"Bacteria 190.26106421745976 413.1669170918202 0.6447621717088673",201.0,1,1417126489
"Bacteria 184.3868234841971 400.8162528522817 0.6493304171527602",201.0,1,1417126489
"Bacteria 102.7461742964975 221.81143005895075 0.5996865613865371",201.0,1,1417126489
"Bacteria 227.8682518570053 359.251203452305 0.6234491210561942",201.0,1,1417126489
"Bacteria 22.082967653605643 254.03118736634855 0.6128925137007012",201.0,1,1417126489
"Bacteria 215.53885973098488 179.82443297955902 0.6031654579017314",201.0,1,1417126489
"Bacteria 242.79900639139123 378.9028083790548 0.5765288187105049",201.0,1,1417126489
"Bacteria 7.94381373584753 268.0077213522174 0.7982701602100439",201.0,1,1417126489
"Bacteria 73.00484238149713 476.2084652800063 0.6428974586130501",201.0,1,1417126489
"Bacteria 220.8904523986673 134.17817507889694 0.5885290749604022",201.0,1,1417126489
"Bacteria 22.343659469893787 250.8939846438174 0.6328875082681273",201.0,1,1417126489
"Bacteria 98.01956825252049 222.34439208272528 0.6242949162388154",201.0,1,1417126489
"Bacteria 215.05811696992637 175.96029183861404 0.5791610454950795",201.0,1,1417126489
"Bacteria 118.9806870780829 211.78100137410365 0.6043111609236097",201.0,1,1417126489
"Bacteria 181.00116087764576 473.83435101264655 0.6399319514013735",201.0,1,1417126489
"Bacteria 475.9917556075379 157.73451630957425 0.5641937170527782",201.0,1,1417126489
"Bacteria 217.18518088599126 135.3492703893286 0.5809533413452219",201.0,1,1417126489
"Bacteria 102.2521225686251 174.82521640540855 0.6113417944761997",201.0,1,1417126489
"Bacteria 217.33515668147106 132.21532122035748 0.5707637241596434",201.0,1,1417126489
"Bacteria 18.566586673677545 20.652506998905395 0.7037422282777414",201.0,1,1417126489
"Bacteria 20.630103729365242 363.57516516675156 0.6372915443069663",201.0,1,1417126489
"Bacteria 184.73638025086137 395.20439020158784 0.6390709818520687",201.0,1,1417126489
"Bacteria 108.79801518649859 485.6553206838198 0.6567983059189979",201.0,1,1417126489
"Bacteria 104.53941488376478 218.38796905164375 0.6107826512721233",201.0,1,1417126489
"Bacteria 7.746889477093601 272.5750588899455 0.7738920651626129",201.0,1,1417126489
"Bacteria 11.693117741001613 406.5390898216185 0.5771005056579303",201.0,1,1417126489
"Bacteria 228.229263521521 363.2024000302487 0.6403971312558798",201.0,1,1417126489
"Bacteria 183.0396399903177 398.72602304093033 0.6296858552054606",201.0,1,1417126489
"Bacteria 158.62907034155552 476.90605788134644 0.6510901219822931",201.0,1,1417126489
"Bacteria 63.755225212605566 239.70679667888956 0.6265641782114186",201.0,1,1417126489
"Bacteria 188.8208243781465 414.71323831340277 0.6346346555797306",201.0,1,1417126489
"Bacteria 77.15603444487893 478.6565872896613 0.6583216444388379",201.0,1,1417126489
"Bacteria 18.622168591334603 19.269284117301893 0.6838720321524067",201.0,1,1417126489
"Bacteria 229.08532072110853 359.51942662400864 0.623071521194604",201.0,1,1417126489
"Bacteria 9.250644154111924 382.01308541885606 0.7859849044017326",201.0,1,1417126489
"Bacteria 10.92542975476215 402.19481679633367 0.7984084650001871",201.0,1,1417126489
"Bacteria 6.460741843291569 269.461732312043 0.7710432814383664",201.0,1,1417126489
"Bacteria 99.85570949506246 178.2157049305227 0.5990874372117644",201.0,1,1417126489
"Bacteria 463.39541068300605 411.7118421709165 0.5642040450877595",201.0,1,1417126489
"Bacteria 25.28432570437634 367.46584057069754 0.6355370691282867",201.0,1,1417126489
"Bacteria 230.43610020202345 361.1971029275424 0.6273786460830498",201.0,1,1417126489
"Bacteria 230.22200675807434 359.00115101509306 0.6271202063768213",201.0,1,1417126489
"Bacteria 239.32991435504783 380.8279808751312 0.5862606413975923",201.0,1,1417126489
"Bacteria 183.9408019488711 399.61223599667613 0.6417654336886112",201.0,1,1417126489
"Bacteria 104.80290202170515 220.4364926869175 0.6144277109478288",201.0,1,1417126489
"Bacteria 115.10520761200435 486.9544740418359 0.6562496924684671",201.0,1,1417126489
"Bacteria 182.2031738307618 476.88878411237147 0.6450465334328104",201.0,1,1417126489
"Bacteria 74.2404320727263 476.54808267508764 0.6404551968236929",201.0,1,1417126489
"Bacteria 188.0462065924744 412.2731822074854 0.6312092658376804",201.0,1,1417126489
"Bacteria 187.72369136001208 415.4285059027479 0.6357052714495036",201.0,1,1417126489
"Bacteria 17.960756743846858 255.5445075251791 0.626856432186961",201.0,1,1417126489
"Bacteria 187.68050421260074 414.166911849964 0.630601807671683",201.0,1,1417126489
"Bacteria 284.22165010124445 225.88530788198113 0.564189832401895",201.0,1,1417126489
"Bacteria 161.02801922812247 473.9562379653626 0.649626476876599",201.0,1,1417126489
"Bacteria 146.20212069591122 458.8175334371591 0.6527624979050916",201.0,1,1417126489
"Bacteria 188.81100241599967 396.4263785473275 0.6553104671517964",201.0,1,1417126489
"Bacteria 22.537507282984702 20.71617987563527 0.642279068591843",201.0,1,1417126489
"Bacteria 183.1850389056004 472.37882559139024 0.6464896164762616",201.0,1,1417126489
"Bacteria 179.47111560778654 472.0766430548149 0.6526964486996926",201.0,1,1417126489
"Bacteria 101.96273410723977 179.98200586644847 0.5915692138697729",201.0,1,1417126489
"Bacteria 217.32815701919804 176.44760316903907 0.5933325966887079",201.0,1,1417126489
"Bacteria 10.283014228601722 273.5960904784455 0.5837978121048975",201.0,1,1417126489
"Bacteria 8.904606731009505 273.63291755468265 0.7973297706747553",201.0,1,1417126489
"Bacteria 184.541358131291 476.93257613601463 0.654492825933188",201.0,1,1417126489
"Bacteria 69.38569749242545 1.101221451087822 0.6531412855441132",201.0,1,1417126489
"Bacteria 127.67502758515037 397.2868418280941 0.6477212907417654",201.0,1,1417126489
"Bacteria 383.9540475746617 361.52111319825053 0.5641895835477563",201.0,1,1417126489
"Bacteria 178.5762260627498 473.02421353441093 0.6568937413742368",201.0,1,1417126489
"Bacteria 185.821177199201 411.0587689756589 0.6479205548318796",201.0,1,1417126489
"Bacteria 19.858370963167875 88.67707025001849 0.7905457844681134",201.0,1,1417126489
"Bacteria 104.20161809746315 221.91350293670345 0.6163836334666383",201.0,1,1417126489
"Bacteria 65.8598798244182 233.86712887921135 0.6123373703860027",201.0,1,1417126489
"Bacteria 66.7495556756452 1.0205818041779608 0.6088046647309108",201.0,1,1417126489
"Bacteria 219.9671873858812 136.30866229613042 0.5894863871414505",201.0,1,1417126489
"Bacteria 115.77421533424834 484.97415842765525 0.6586607740981261",201.0,1,1417126489
"Bacteria 9.338694259598787 406.58950592980847 0.7816333307492556",201.0,1,1417126489
"Bacteria 19.32776248514922 85.49877633619218 0.7585260243246176",201.0,1,1417126489
"Bacteria 488.8407093239948 220.12725297827274 0.5849145196706186",201.0,1,1417126489
"Bacteria 99.14665030193224 220.88804783039993 0.6051053600856796",201.0,1,1417126489
"Bacteria 117.9069832911491 216.39809364045166 0.6151650076654702",201.0,1,1417126489
"Bacteria 240.5471098473099 377.8239534495067 0.5920235781519184",201.0,1,1417126489
"Bacteria 184.25911453257356 474.44786612728353 0.6484257611425556",201.0,1,1417126489
"Bacteria 128.7602061159612 401.79044411675164 0.6485940214528663",201.0,1,1417126489
"Bacteria 185.9283586755171 412.4955969692269 0.6388569275818292",201.0,1,1417126489
"Bacteria 135.45457158740936 397.1136919744404 0.6557189438990341",201.0,1,1417126489
"Bacteria 162.48522227770852 478.0209610726467 0.6627032229883778",201.0,1,1417126489
"Bacteria 160.3197883566015 475.15265007396897 0.6498831439159073",201.0,1,1417126489
"Bacteria 181.6387441195932 399.846309787362 0.6396148883985417",201.0,1,1417126489
"Bacteria 187.92850485276134 398.30820681691677 0.6460549611422227",201.0,1,1417126489
"Bacteria 221.57864672699884 131.4656257221485 0.5738699176403628",201.0,1,1417126489
"Bacteria 148.35194522556466 455.9820063270116 0.6438625517242968",201.0,1,1417126489
"Bacteria 145.82813860784455 453.21116540736006 0.6451883220122147",201.0,1,1417126489
"Bacteria 212.6208886498344 178.2682570685022 0.5979500962551042",201.0,1,1417126489
"Bacteria 113.7173819690237 484.830169890192 0.6501136362876717",201.0,1,1417126489
"Bacteria 161.26357348917972 477.51579443734266 0.6608003456570026",201.0,1,1417126489
"Bacteria 131.68446559467947 397.1839537591139 0.6353960124266745",201.0,1,1417126489
"Bacteria 156.10142017204697 476.75558843207335 0.6548780087977726",201.0,1,1417126489
"Bacteria 123.38146770351212 215.58606352463661 0.6078182271945357",201.0,1,1417126489
"Bacteria 148.9034527057881 454.3194732859445 0.6423408541564118",201.0,1,1417126489
"Bacteria 122.02415189184785 213.5982500690945 0.596477633347061",201.0,1,1417126489
"Bacteria 184.42437648286156 473.1547407896573 0.6475782215720607",201.0,1,1417126489
"Bacteria 157.83213621658882 472.32204775500537 0.6428116717315263",201.0,1,1417126489
"Bacteria 100.86450091750314 222.6107286391616 0.6128871048260602",201.0,1,1417126489
"Bacteria 113.3761925527556 491.84906781640717 0.660774769202733",201.0,1,1417126489
"Bacteria 64.98585875171607 239.92662611434443 0.625490709884364",201.0,1,1417126489
"Bacteria 211.73568177947084 62.25673953860374 0.7893274303901224",201.0,1,1417126489
"Bacteria 72.28161924228938 473.5311210908858 0.6549116184292062",201.0,1,1417126489
"Bacteria 237.31855439041442 384.26007348644856 0.6138026313629481",201.0,1,1417126489
"Bacteria 157.55554534560818 469.26685962071804 0.6647538774848182",201.0,1,1417126489
"Bacteria 103.63897722520517 220.75399004611884 0.5954256499513952",201.0,1,1417126489
"Bacteria 161.63512526073444 472.80265339576675 0.6561650586912994",201.0,1,1417126489
"Bacteria 16.622143818584497 253.37132300193986 0.6157687299143182",201.0,1,1417126489
"Bacteria 159.89511195100312 471.5298220850538 0.6500293092152712",201.0,1,1417126489
"Bacteria 229.27082455462437 360.75046559483604 0.6256653160151688",201.0,1,1417126489
"Bacteria 235.4067810423308 378.69459748102446 0.6163445119874105",201.0,1,1417126489
"Bacteria 69.18526038682857 235.67739770183982 0.636353353224428",201.0,1,1417126489
"Bacteria 7.57136044193151 274.50710400556005 0.7982773379956506",201.0,1,1417126489
"Bacteria 124.67863257140706 213.26149058752642 0.6210047199841691",201.0,1,1417126489
"Bacteria 213.687007028755 179.48311491655144 0.6048537759569456",201.0,1,1417126489
"Bacteria 9.483878645105552 268.4342924016135 0.8015652535046986",201.0,1,1417126489
"Bacteria 66.09285146422965 237.82093760684944 0.6169850477613064",201.0,1,1417126489
"Bacteria 238.50283453685486 383.9542447692942 0.6111648285779839",201.0,1,1417126489
"Bacteria 99.54559461144422 177.0485374743809 0.6104821724172612",201.0,1,1417126489
"Bacteria 105.96750646770315 220.0249039236524 0.6233339148468402",201.0,1,1417126489
"Bacteria 146.93624242100373 453.87628101864186 0.6378362816785843",201.0,1,1417126489
"Bacteria 157.35103786447178 477.1094333242857 0.6485183094980292",201.0,1,1417126489
"Bacteria 180.75148513109806 471.8590000228189 0.6528870878120173",201.0,1,1417126489
"Bacteria 21.560128428572696 88.98180361122243 0.7883031099844066",201.0,1,1417126489
"Bacteria 210.13339790089452 55.97750214721774 0.7626162788111966",201.0,1,1417126489
